1729687638268160097 201196
2562019500164152525 343518
8782769017716072774 453064
479051048987854372 456607
5714768882048811324 523460
2459557415995497961 600969
1772859812839988916 638710
591875965497384322 723741
7449943749836318932 842386
1405547745908296421 890589
1306053050111174648 1609729
8408462745175416063 1621012
1625256440396143907 1630532
1445109530774087002 2110368
1157301728707637259 2406530
2111858627070002939 2500817
8821862535190318932 2549413
8210946489571640849 2654669
5863405773976003266 2872626
4036494370831490817 2981662
1513573187112042448 3013021
4450190829039920890 3052314
8321400714356781191 3052610
6310802012126231363 3135854
5344298403762143580 3172403
1564349257200314043 3417067
6062559696943389464 3430819
2806627376195262363 3505375
9082730968228181483 3615139
9213452462461015967 3643736
6344401509618197560 3760362
326700202259382556 3764143
8421184723110053200 3817982
5902762718897731478 3869810
3674929609692563482 4034797
862205218853780339 4057923
5287931004512034672 4094424
1265737889039205261 4109728
5650605098630667570 4521783
4059247793194552874 4625663
8208392001457969628 4890760
6897323351052656353 4962604
7648030174294342832 5152554
4730966302945445786 5639153
4798091009445823173 5962192
3460673533926954145 6112265
8764531173541462842 6175541
38384068872053008 6227348
2713150456497618688 6273878
7358388240824901288 6373259
687416080475161159 6489837
3312070181890020423 6621713
8585205035691420311 6647107
6055730836615196283 6674412
9203071384420047828 6747012
3231502273651985583 6859669
5321619225005368821 7054688
951586254223522969 7170476
8029313043584389618 7227902
5897962221937294789 7320000
4851450802679832774 7497321
4858364911220984157 7569229
5912924843615600614 7794615
3691457481531040535 7836482
7685269066741890339 7899421
4569664949094662293 7956535
7749363893351949254 8071460
2197744667347238205 8136119
6312891027251024051 8348455
4895839553118470425 8589899
4727304344741345505 8611524
2613117305472506601 8628330
4054224670122353756 8653318
7249589769047033748 8776970
8054506481558450217 9224463
1197105577171186275 9249728
6340030040222269807 9310194
4123157012528828376 9489048
5880381756353009591 9687686
1361923252301505833 9752444
5390954890749602465 10350142
644772714391937867 10437886
5477688516749455419 10487448
2697991130065918298 10512092
7222815480849057907 10564347
4552499520046621784 10583202
4403210617922443179 10886602
3091884191388096748 10940418
3364542905362882299 10973019
6915415788559031791 11022475
1504622508868036557 11113950
150346236956174824 11224009
4255852691293155171 11248591
4903203917250634599 11327183
484496930861389501 11378118
5132287771298228729 11483883
9223312736680112286 11612294
2622143824319236828 11613304
4221553402965100097 11794476
643378865959570610 11810092
